{
 "cells": [
  {
   "cell_type": "code",
   "execution_count": 1,
   "metadata": {},
   "outputs": [
    {
     "data": {
      "text/plain": [
       "matrix([[0.97, 0.02, 0.01],\n",
       "        [0.6 , 0.3 , 0.1 ],\n",
       "        [0.2 , 0.1 , 0.7 ]])"
      ]
     },
     "execution_count": 1,
     "metadata": {},
     "output_type": "execute_result"
    }
   ],
   "source": [
    "import numpy as np\n",
    "import matplotlib.pyplot as plt\n",
    "m1=np.matrix([[0.97, 0.02, 0.01], [0.6, 0.3, 0.1], [0.2, 0.1, 0.7]])\n",
    "m1"
   ]
  },
  {
   "cell_type": "code",
   "execution_count": 2,
   "metadata": {},
   "outputs": [],
   "source": [
    "m_aux=np.matrix([[],[],[]])\n",
    "m_aux_anterior=np.matrix([[],[],[]])\n"
   ]
  },
  {
   "cell_type": "code",
   "execution_count": 3,
   "metadata": {},
   "outputs": [
    {
     "name": "stdout",
     "output_type": "stream",
     "text": [
      "[[0.9549 0.0264 0.0187]\n",
      " [0.782  0.112  0.106 ]\n",
      " [0.394  0.104  0.502 ]]\n",
      "---------- 1\n",
      "[[0.945833 0.028888 0.025279]\n",
      " [0.84694  0.05984  0.09322 ]\n",
      " [0.54498  0.08928  0.36574 ]]\n",
      "2 ---------- 2\n",
      "[[0.93984661 0.03011096 0.03004243]\n",
      " [0.8760798  0.0442128  0.0797074 ]\n",
      " [0.6553466  0.0742576  0.2703958 ]]\n",
      "3 ---------- 3\n",
      "[[0.93572627 0.03083446 0.03343926]\n",
      " [0.89226657 0.03875618 0.06897726]\n",
      " [0.73431992 0.06242379 0.20325629]]\n",
      "4 ---------- 4\n",
      "[[0.93284302 0.03130879 0.03584819]\n",
      " [0.90254773 0.03636991 0.06108236]\n",
      " [0.79039586 0.05373916 0.15586498]]\n",
      "5 ---------- 5\n",
      "[[0.93081264 0.03163432 0.03755304]\n",
      " [0.90950971 0.03507016 0.05542012]\n",
      " [0.83010048 0.04751616 0.12238336]]\n",
      "6 ---------- 6\n",
      "[[0.92937946 0.03186185 0.03875869]\n",
      " [0.91435054 0.03425326 0.0513962 ]\n",
      " [0.85818383 0.04309519 0.09872097]]\n",
      "7 ---------- 7\n",
      "[[0.92836692 0.03202201 0.03961106]\n",
      " [0.91775122 0.03370261 0.04854617]\n",
      " [0.87803963 0.03996433 0.08199604]]\n",
      "8 ---------- 8\n",
      "[[0.92765134 0.03213505 0.04021361]\n",
      " [0.92014948 0.03332042 0.04653009]\n",
      " [0.89207625 0.0377497  0.07017406]]\n",
      "9 ---------- 9\n",
      "[[0.92714555 0.0322149  0.04063955]\n",
      " [0.92184327 0.03305213 0.0451046 ]\n",
      " [0.90199859 0.03618384 0.06181757]]\n",
      "10 ---------- 10\n",
      "[[0.92678803 0.03227134 0.04094063]\n",
      " [0.92304017 0.03286296 0.04409687]\n",
      " [0.90901245 0.03507688 0.05591067]]\n",
      "11 ---------- 11\n",
      "[[0.92653532 0.03231122 0.04115345]\n",
      " [0.92388612 0.03272938 0.0433845 ]\n",
      " [0.91397034 0.03429438 0.05173528]]\n",
      "12 ---------- 12\n",
      "[[0.92635669 0.03233942 0.04130389]\n",
      " [0.92448406 0.03263499 0.04288095]\n",
      " [0.91747491 0.03374125 0.04878384]]\n",
      "13 ---------- 13\n",
      "[[0.92623042 0.03235935 0.04141023]\n",
      " [0.92490672 0.03256827 0.04252501]\n",
      " [0.91995218 0.03335026 0.04669756]]\n",
      "14 ---------- 14\n",
      "[[0.92614116 0.03237344 0.0414854 ]\n",
      " [0.92520548 0.03252112 0.0422734 ]\n",
      " [0.92170328 0.03307388 0.04522284]]\n",
      "15 ---------- 15\n",
      "[[0.92607807 0.03238339 0.04153854]\n",
      " [0.92541667 0.03248778 0.04209555]\n",
      " [0.92294108 0.03287851 0.04418041]]\n",
      "16 ---------- 16\n",
      "[[0.92603347 0.03239043 0.0415761 ]\n",
      " [0.92556595 0.03246422 0.04196983]\n",
      " [0.92381604 0.03274042 0.04344355]]\n",
      "17 ---------- 17\n",
      "[[0.92600195 0.03239541 0.04160265]\n",
      " [0.92567147 0.03244757 0.04188096]\n",
      " [0.92443451 0.0326428  0.04292269]]\n",
      "18 ---------- 18\n",
      "[[0.92597966 0.03239893 0.04162141]\n",
      " [0.92574606 0.0324358  0.04181814]\n",
      " [0.9248717  0.0325738  0.04255451]]\n",
      "19 ---------- 19\n",
      "[[0.92596391 0.03240141 0.04163468]\n",
      " [0.92579878 0.03242747 0.04177374]\n",
      " [0.92518073 0.03252502 0.04229425]]\n",
      "20 ---------- 20\n",
      "[[0.92595278 0.03240317 0.04164405]\n",
      " [0.92583605 0.03242159 0.04174235]\n",
      " [0.92539917 0.03249055 0.04211028]]\n",
      "21 ---------- 21\n",
      "[[0.92594491 0.03240441 0.04165068]\n",
      " [0.9258624  0.03241743 0.04172017]\n",
      " [0.92555358 0.03246618 0.04198025]]\n",
      "22 ---------- 22\n",
      "[[0.92593934 0.03240529 0.04165537]\n",
      " [0.92588102 0.03241449 0.04170448]\n",
      " [0.92566273 0.03244895 0.04188833]]\n",
      "23 ---------- 23\n",
      "[[0.92593541 0.03240591 0.04165868]\n",
      " [0.92589418 0.03241242 0.0416934 ]\n",
      " [0.92573988 0.03243677 0.04182335]]\n",
      "24 ---------- 24\n",
      "[[0.92593263 0.03240635 0.04166102]\n",
      " [0.92590349 0.03241095 0.04168556]\n",
      " [0.92579441 0.03242816 0.04177742]]\n",
      "25 ---------- 25\n",
      "[[0.92593066 0.03240666 0.04166268]\n",
      " [0.92591007 0.03240991 0.04168002]\n",
      " [0.92583297 0.03242208 0.04174496]]\n",
      "26 ---------- 26\n",
      "[[0.92592928 0.03240688 0.04166385]\n",
      " [0.92591471 0.03240918 0.04167611]\n",
      " [0.92586022 0.03241778 0.04172201]]\n",
      "27 ---------- 27\n",
      "[[0.92592829 0.03240703 0.04166467]\n",
      " [0.925918   0.03240866 0.04167334]\n",
      " [0.92587948 0.03241474 0.04170578]]\n",
      "28 ---------- 28\n",
      "[[0.9259276  0.03240714 0.04166526]\n",
      " [0.92592032 0.03240829 0.04167138]\n",
      " [0.92589309 0.03241259 0.04169432]]\n",
      "29 ---------- 29\n",
      "[[0.92592711 0.03240722 0.04166567]\n",
      " [0.92592197 0.03240803 0.04167   ]\n",
      " [0.92590272 0.03241107 0.04168621]]\n",
      "30 ---------- 30\n",
      "[[0.92592676 0.03240728 0.04166596]\n",
      " [0.92592313 0.03240785 0.04166902]\n",
      " [0.92590952 0.03241    0.04168048]]\n",
      "31 ---------- 31\n",
      "[[0.92592652 0.03240731 0.04166617]\n",
      " [0.92592395 0.03240772 0.04166833]\n",
      " [0.92591433 0.03240924 0.04167643]]\n",
      "32 ---------- 32\n",
      "[[0.92592634 0.03240734 0.04166631]\n",
      " [0.92592453 0.03240763 0.04166784]\n",
      " [0.92591773 0.0324087  0.04167357]]\n",
      "33 ---------- 33\n",
      "[[0.92592622 0.03240736 0.04166642]\n",
      " [0.92592494 0.03240756 0.0416675 ]\n",
      " [0.92592013 0.03240832 0.04167155]]\n",
      "34 ---------- 34\n",
      "[[0.92592613 0.03240737 0.04166649]\n",
      " [0.92592523 0.03240752 0.04166726]\n",
      " [0.92592183 0.03240805 0.04167012]]\n",
      "35 ---------- 35\n",
      "[[0.92592607 0.03240738 0.04166654]\n",
      " [0.92592543 0.03240749 0.04166708]\n",
      " [0.92592303 0.03240786 0.0416691 ]]\n",
      "36 ---------- 36\n",
      "[[0.92592603 0.03240739 0.04166658]\n",
      " [0.92592558 0.03240746 0.04166696]\n",
      " [0.92592388 0.03240773 0.04166839]]\n",
      "37 ---------- 37\n",
      "[[0.925926   0.0324074  0.0416666 ]\n",
      " [0.92592568 0.03240745 0.04166687]\n",
      " [0.92592448 0.03240764 0.04166788]]\n",
      "38 ---------- 38\n",
      "[[0.92592598 0.0324074  0.04166662]\n",
      " [0.92592575 0.03240743 0.04166681]\n",
      " [0.9259249  0.03240757 0.04166753]]\n",
      "39 ---------- 39\n",
      "[[0.92592596 0.0324074  0.04166664]\n",
      " [0.9259258  0.03240743 0.04166677]\n",
      " [0.9259252  0.03240752 0.04166728]]\n",
      "40 ---------- 40\n",
      "[[0.92592595 0.0324074  0.04166664]\n",
      " [0.92592584 0.03240742 0.04166674]\n",
      " [0.92592541 0.03240749 0.0416671 ]]\n",
      "41 ---------- 41\n",
      "[[0.92592594 0.0324074  0.04166665]\n",
      " [0.92592586 0.03240742 0.04166672]\n",
      " [0.92592556 0.03240746 0.04166697]]\n",
      "42 ---------- 42\n",
      "[[0.92592594 0.03240741 0.04166666]\n",
      " [0.92592588 0.03240741 0.0416667 ]\n",
      " [0.92592567 0.03240745 0.04166688]]\n",
      "43 ---------- 43\n",
      "[[0.92592594 0.03240741 0.04166666]\n",
      " [0.9259259  0.03240741 0.04166669]\n",
      " [0.92592575 0.03240744 0.04166682]]\n",
      "44 ---------- 44\n",
      "[[0.92592593 0.03240741 0.04166666]\n",
      " [0.9259259  0.03240741 0.04166668]\n",
      " [0.9259258  0.03240743 0.04166677]]\n",
      "45 ---------- 45\n",
      "[[0.92592593 0.03240741 0.04166666]\n",
      " [0.92592591 0.03240741 0.04166668]\n",
      " [0.92592584 0.03240742 0.04166674]]\n",
      "46 ---------- 46\n",
      "[[0.92592593 0.03240741 0.04166666]\n",
      " [0.92592592 0.03240741 0.04166668]\n",
      " [0.92592586 0.03240742 0.04166672]]\n",
      "47 ---------- 47\n",
      "[[0.92592593 0.03240741 0.04166666]\n",
      " [0.92592592 0.03240741 0.04166667]\n",
      " [0.92592588 0.03240741 0.0416667 ]]\n",
      "48 ---------- 48\n",
      "[[0.92592593 0.03240741 0.04166667]\n",
      " [0.92592592 0.03240741 0.04166667]\n",
      " [0.92592589 0.03240741 0.04166669]]\n",
      "49 ---------- 49\n",
      "[[0.92592593 0.03240741 0.04166667]\n",
      " [0.92592592 0.03240741 0.04166667]\n",
      " [0.9259259  0.03240741 0.04166669]]\n",
      "50 ---------- 50\n",
      "[[0.92592593 0.03240741 0.04166667]\n",
      " [0.92592592 0.03240741 0.04166667]\n",
      " [0.92592591 0.03240741 0.04166668]]\n",
      "51 ---------- 51\n",
      "[[0.92592593 0.03240741 0.04166667]\n",
      " [0.92592592 0.03240741 0.04166667]\n",
      " [0.92592591 0.03240741 0.04166668]]\n",
      "52 ---------- 52\n",
      "[[0.92592593 0.03240741 0.04166667]\n",
      " [0.92592592 0.03240741 0.04166667]\n",
      " [0.92592592 0.03240741 0.04166667]]\n",
      "53 ---------- 53\n",
      "[[0.92592593 0.03240741 0.04166667]\n",
      " [0.92592592 0.03240741 0.04166667]\n",
      " [0.92592592 0.03240741 0.04166667]]\n",
      "54 ---------- 54\n",
      "[[0.92592593 0.03240741 0.04166667]\n",
      " [0.92592593 0.03240741 0.04166667]\n",
      " [0.92592592 0.03240741 0.04166667]]\n",
      "55 ---------- 55\n",
      "[[0.92592593 0.03240741 0.04166667]\n",
      " [0.92592593 0.03240741 0.04166667]\n",
      " [0.92592592 0.03240741 0.04166667]]\n",
      "56 ---------- 56\n",
      "[[0.92592593 0.03240741 0.04166667]\n",
      " [0.92592593 0.03240741 0.04166667]\n",
      " [0.92592592 0.03240741 0.04166667]]\n",
      "57 ---------- 57\n",
      "[[0.92592593 0.03240741 0.04166667]\n",
      " [0.92592593 0.03240741 0.04166667]\n",
      " [0.92592592 0.03240741 0.04166667]]\n",
      "58 ---------- 58\n",
      "[[0.92592593 0.03240741 0.04166667]\n",
      " [0.92592593 0.03240741 0.04166667]\n",
      " [0.92592592 0.03240741 0.04166667]]\n",
      "59 ---------- 59\n",
      "[[0.92592593 0.03240741 0.04166667]\n",
      " [0.92592593 0.03240741 0.04166667]\n",
      " [0.92592593 0.03240741 0.04166667]]\n",
      "60 ---------- 60\n",
      "[[0.92592593 0.03240741 0.04166667]\n",
      " [0.92592593 0.03240741 0.04166667]\n",
      " [0.92592593 0.03240741 0.04166667]]\n",
      "61 ---------- 61\n",
      "[[0.92592593 0.03240741 0.04166667]\n",
      " [0.92592593 0.03240741 0.04166667]\n",
      " [0.92592593 0.03240741 0.04166667]]\n",
      "62 ---------- 62\n",
      "[[0.92592593 0.03240741 0.04166667]\n",
      " [0.92592593 0.03240741 0.04166667]\n",
      " [0.92592593 0.03240741 0.04166667]]\n",
      "63 ---------- 63\n",
      "[[0.92592593 0.03240741 0.04166667]\n",
      " [0.92592593 0.03240741 0.04166667]\n",
      " [0.92592593 0.03240741 0.04166667]]\n",
      "64 ---------- 64\n",
      "[[0.92592593 0.03240741 0.04166667]\n",
      " [0.92592593 0.03240741 0.04166667]\n",
      " [0.92592593 0.03240741 0.04166667]]\n",
      "65 ---------- 65\n",
      "[[0.92592593 0.03240741 0.04166667]\n",
      " [0.92592593 0.03240741 0.04166667]\n",
      " [0.92592593 0.03240741 0.04166667]]\n",
      "66 ---------- 66\n",
      "[[0.92592593 0.03240741 0.04166667]\n",
      " [0.92592593 0.03240741 0.04166667]\n",
      " [0.92592593 0.03240741 0.04166667]]\n",
      "67 ---------- 67\n",
      "[[0.92592593 0.03240741 0.04166667]\n",
      " [0.92592593 0.03240741 0.04166667]\n",
      " [0.92592593 0.03240741 0.04166667]]\n",
      "68 ---------- 68\n",
      "[[0.92592593 0.03240741 0.04166667]\n",
      " [0.92592593 0.03240741 0.04166667]\n",
      " [0.92592593 0.03240741 0.04166667]]\n",
      "69 ---------- 69\n",
      "[[0.92592593 0.03240741 0.04166667]\n",
      " [0.92592593 0.03240741 0.04166667]\n",
      " [0.92592593 0.03240741 0.04166667]]\n",
      "70 ---------- 70\n",
      "[[0.92592593 0.03240741 0.04166667]\n",
      " [0.92592593 0.03240741 0.04166667]\n",
      " [0.92592593 0.03240741 0.04166667]]\n",
      "71 ---------- 71\n",
      "[[0.92592593 0.03240741 0.04166667]\n",
      " [0.92592593 0.03240741 0.04166667]\n",
      " [0.92592593 0.03240741 0.04166667]]\n",
      "72 ---------- 72\n",
      "[[0.92592593 0.03240741 0.04166667]\n",
      " [0.92592593 0.03240741 0.04166667]\n",
      " [0.92592593 0.03240741 0.04166667]]\n",
      "73 ---------- 73\n",
      "[[0.92592593 0.03240741 0.04166667]\n",
      " [0.92592593 0.03240741 0.04166667]\n",
      " [0.92592593 0.03240741 0.04166667]]\n",
      "74 ---------- 74\n",
      "[[0.92592593 0.03240741 0.04166667]\n",
      " [0.92592593 0.03240741 0.04166667]\n",
      " [0.92592593 0.03240741 0.04166667]]\n",
      "75 ---------- 75\n",
      "[[0.92592593 0.03240741 0.04166667]\n",
      " [0.92592593 0.03240741 0.04166667]\n",
      " [0.92592593 0.03240741 0.04166667]]\n",
      "76 ---------- 76\n",
      "[[0.92592593 0.03240741 0.04166667]\n",
      " [0.92592593 0.03240741 0.04166667]\n",
      " [0.92592593 0.03240741 0.04166667]]\n",
      "77 ---------- 77\n",
      "[[0.92592593 0.03240741 0.04166667]\n",
      " [0.92592593 0.03240741 0.04166667]\n",
      " [0.92592593 0.03240741 0.04166667]]\n",
      "78 ---------- 78\n",
      "[[0.92592593 0.03240741 0.04166667]\n",
      " [0.92592593 0.03240741 0.04166667]\n",
      " [0.92592593 0.03240741 0.04166667]]\n",
      "79 ---------- 79\n",
      "[[0.92592593 0.03240741 0.04166667]\n",
      " [0.92592593 0.03240741 0.04166667]\n",
      " [0.92592593 0.03240741 0.04166667]]\n",
      "80 ---------- 80\n",
      "[[0.92592593 0.03240741 0.04166667]\n",
      " [0.92592593 0.03240741 0.04166667]\n",
      " [0.92592593 0.03240741 0.04166667]]\n",
      "81 ---------- 81\n",
      "[[0.92592593 0.03240741 0.04166667]\n",
      " [0.92592593 0.03240741 0.04166667]\n",
      " [0.92592593 0.03240741 0.04166667]]\n",
      "82 ---------- 82\n",
      "[[0.92592593 0.03240741 0.04166667]\n",
      " [0.92592593 0.03240741 0.04166667]\n",
      " [0.92592593 0.03240741 0.04166667]]\n",
      "83 ---------- 83\n",
      "[[0.92592593 0.03240741 0.04166667]\n",
      " [0.92592593 0.03240741 0.04166667]\n",
      " [0.92592593 0.03240741 0.04166667]]\n",
      "84 ---------- 84\n",
      "[[0.92592593 0.03240741 0.04166667]\n",
      " [0.92592593 0.03240741 0.04166667]\n",
      " [0.92592593 0.03240741 0.04166667]]\n",
      "85 ---------- 85\n",
      "[[0.92592593 0.03240741 0.04166667]\n",
      " [0.92592593 0.03240741 0.04166667]\n",
      " [0.92592593 0.03240741 0.04166667]]\n",
      "86 ---------- 86\n",
      "[[0.92592593 0.03240741 0.04166667]\n",
      " [0.92592593 0.03240741 0.04166667]\n",
      " [0.92592593 0.03240741 0.04166667]]\n",
      "87 ---------- 87\n",
      "[[0.92592593 0.03240741 0.04166667]\n",
      " [0.92592593 0.03240741 0.04166667]\n",
      " [0.92592593 0.03240741 0.04166667]]\n",
      "88 ---------- 88\n",
      "[[0.92592593 0.03240741 0.04166667]\n",
      " [0.92592593 0.03240741 0.04166667]\n",
      " [0.92592593 0.03240741 0.04166667]]\n",
      "89 ---------- 89\n",
      "[[0.92592593 0.03240741 0.04166667]\n",
      " [0.92592593 0.03240741 0.04166667]\n",
      " [0.92592593 0.03240741 0.04166667]]\n",
      "90 ---------- 90\n",
      "[[0.92592593 0.03240741 0.04166667]\n",
      " [0.92592593 0.03240741 0.04166667]\n",
      " [0.92592593 0.03240741 0.04166667]]\n",
      "91 ---------- 91\n",
      "[[0.92592593 0.03240741 0.04166667]\n",
      " [0.92592593 0.03240741 0.04166667]\n",
      " [0.92592593 0.03240741 0.04166667]]\n",
      "92 ---------- 92\n",
      "[[0.92592593 0.03240741 0.04166667]\n",
      " [0.92592593 0.03240741 0.04166667]\n",
      " [0.92592593 0.03240741 0.04166667]]\n",
      "93 ---------- 93\n",
      "[[0.92592593 0.03240741 0.04166667]\n",
      " [0.92592593 0.03240741 0.04166667]\n",
      " [0.92592593 0.03240741 0.04166667]]\n",
      "94 ---------- 94\n",
      "[[0.92592593 0.03240741 0.04166667]\n",
      " [0.92592593 0.03240741 0.04166667]\n",
      " [0.92592593 0.03240741 0.04166667]]\n",
      "95 ---------- 95\n",
      "[[0.92592593 0.03240741 0.04166667]\n",
      " [0.92592593 0.03240741 0.04166667]\n",
      " [0.92592593 0.03240741 0.04166667]]\n",
      "96 ---------- 96\n",
      "[[0.92592593 0.03240741 0.04166667]\n",
      " [0.92592593 0.03240741 0.04166667]\n",
      " [0.92592593 0.03240741 0.04166667]]\n",
      "97 ---------- 97\n",
      "[[0.92592593 0.03240741 0.04166667]\n",
      " [0.92592593 0.03240741 0.04166667]\n",
      " [0.92592593 0.03240741 0.04166667]]\n",
      "98 ---------- 98\n",
      "[[0.92592593 0.03240741 0.04166667]\n",
      " [0.92592593 0.03240741 0.04166667]\n",
      " [0.92592593 0.03240741 0.04166667]]\n",
      "99 ---------- 99\n",
      "[[0.92592593 0.03240741 0.04166667]\n",
      " [0.92592593 0.03240741 0.04166667]\n",
      " [0.92592593 0.03240741 0.04166667]]\n",
      "100 ---------- 100\n",
      "[[0.92592593 0.03240741 0.04166667]\n",
      " [0.92592593 0.03240741 0.04166667]\n",
      " [0.92592593 0.03240741 0.04166667]]\n",
      "101 ---------- 101\n",
      "[[0.92592593 0.03240741 0.04166667]\n",
      " [0.92592593 0.03240741 0.04166667]\n",
      " [0.92592593 0.03240741 0.04166667]]\n",
      "102 ---------- 102\n",
      "[[0.92592593 0.03240741 0.04166667]\n",
      " [0.92592593 0.03240741 0.04166667]\n",
      " [0.92592593 0.03240741 0.04166667]]\n",
      "103 ---------- 103\n",
      "[[0.92592593 0.03240741 0.04166667]\n",
      " [0.92592593 0.03240741 0.04166667]\n",
      " [0.92592593 0.03240741 0.04166667]]\n",
      "104 ---------- 104\n",
      "[[0.92592593 0.03240741 0.04166667]\n",
      " [0.92592593 0.03240741 0.04166667]\n",
      " [0.92592593 0.03240741 0.04166667]]\n",
      "105 ---------- 105\n",
      "[[0.92592593 0.03240741 0.04166667]\n",
      " [0.92592593 0.03240741 0.04166667]\n",
      " [0.92592593 0.03240741 0.04166667]]\n",
      "106 ---------- 106\n",
      "[[0.92592593 0.03240741 0.04166667]\n",
      " [0.92592593 0.03240741 0.04166667]\n",
      " [0.92592593 0.03240741 0.04166667]]\n",
      "107 ---------- 107\n",
      "[[0.92592593 0.03240741 0.04166667]\n",
      " [0.92592593 0.03240741 0.04166667]\n",
      " [0.92592593 0.03240741 0.04166667]]\n",
      "108 ---------- 108\n",
      "[[0.92592593 0.03240741 0.04166667]\n",
      " [0.92592593 0.03240741 0.04166667]\n",
      " [0.92592593 0.03240741 0.04166667]]\n",
      "109 ---------- 109\n",
      "[[0.92592593 0.03240741 0.04166667]\n",
      " [0.92592593 0.03240741 0.04166667]\n",
      " [0.92592593 0.03240741 0.04166667]]\n",
      "110 ---------- 110\n",
      "[[0.92592593 0.03240741 0.04166667]\n",
      " [0.92592593 0.03240741 0.04166667]\n",
      " [0.92592593 0.03240741 0.04166667]]\n",
      "111 ---------- 111\n",
      "[[0.92592593 0.03240741 0.04166667]\n",
      " [0.92592593 0.03240741 0.04166667]\n",
      " [0.92592593 0.03240741 0.04166667]]\n",
      "112 ---------- 112\n",
      "[[0.92592593 0.03240741 0.04166667]\n",
      " [0.92592593 0.03240741 0.04166667]\n",
      " [0.92592593 0.03240741 0.04166667]]\n",
      "\n",
      "113 la matriz estable es:\n",
      " [[0.9259 0.0324 0.0417]\n",
      " [0.9259 0.0324 0.0417]\n",
      " [0.9259 0.0324 0.0417]]\n"
     ]
    }
   ],
   "source": [
    "for i in range(1000):\n",
    "    if i==0:\n",
    "        m_aux=np.dot(m1,m1)\n",
    "        print(m_aux)\n",
    "        print(\"----------\", i+1)\n",
    "        \n",
    "    else:\n",
    "        y=i+1\n",
    "        m_aux_anterior=m_aux\n",
    "        m_aux=np.dot(m_aux,m1) \n",
    "        print(m_aux)\n",
    "        if (np.all(m_aux==m_aux_anterior) and (np.all(m_aux_anterior[:,0]==m_aux[:,0]))):\n",
    "            break\n",
    "        print(y, \"----------\", i+1)\n",
    "print()\n",
    "print(y,\"la matriz estable es:\\n\", np.round(m_aux, 4))\n",
    "m_aux=np.round(m_aux, 3)"
   ]
  },
  {
   "cell_type": "code",
   "execution_count": 4,
   "metadata": {},
   "outputs": [
    {
     "name": "stdout",
     "output_type": "stream",
     "text": [
      "0.926 0.032 0.042\n"
     ]
    }
   ],
   "source": [
    "be=m_aux[0,0]\n",
    "rmen=m_aux[0,1]\n",
    "rmay=m_aux[0,2]\n",
    "print(be, rmen, rmay)\n"
   ]
  },
  {
   "cell_type": "code",
   "execution_count": 5,
   "metadata": {},
   "outputs": [
    {
     "name": "stdout",
     "output_type": "stream",
     "text": [
      "autos en el taller: 7.4\n",
      "utilidad diaria: 36.8\n",
      "utilidad anual: 13432.0\n"
     ]
    }
   ],
   "source": [
    "autos_taller=100*(rmen+rmay)\n",
    "print(\"autos en el taller:\", round(autos_taller,2))\n",
    "\n",
    "#utilidad diaria\n",
    "util_dia=(50*be)-(100*rmen)-(150*rmay)\n",
    "util_anual=util_dia*365\n",
    "print(\"utilidad diaria:\", round(util_dia,4))\n",
    "print(\"utilidad anual:\", round(util_anual,4))\n"
   ]
  }
 ],
 "metadata": {
  "kernelspec": {
   "display_name": "Python 3",
   "language": "python",
   "name": "python3"
  },
  "language_info": {
   "codemirror_mode": {
    "name": "ipython",
    "version": 3
   },
   "file_extension": ".py",
   "mimetype": "text/x-python",
   "name": "python",
   "nbconvert_exporter": "python",
   "pygments_lexer": "ipython3",
   "version": "3.12.9"
  }
 },
 "nbformat": 4,
 "nbformat_minor": 2
}
